En esta practica ha fallado algunas pequeñas cosas como que el contador swap y/o comparations no se actualiza en algunos casos

Práctica 5: Algoritmos de ordenación
=====================================
Initialazing sequence...
Random sequence: 25202362 50490027 83368690 2520059 44897763 67513926 65180540 40383426 4089172 3455736 
Initial sequence: Insertion Sort  |     Comparisons: 22 |        Swaps: 28
Initial sequence: Selection Sort  |     Comparisons: 45 |        Swaps: 0
Initial sequence: Bubble Sort     |     Comparisons: 45 |        Swaps: 0
Initial sequence: Cocktail Sort   |     Comparisons: 9 |         Swaps: 0
Initial sequence: Merge Sort      |     Comparisons: 19 |        Swaps: 0
Initial sequence: Quick Sort      |     Comparisons: 38 |        Swaps: 6
Initial sequence: Heap Sort       |     Comparisons: 49 |        Swaps: 30
Introduzca el valor de alpha (0 < alpha < 1): 0.1
Initial sequence: Shell Sort      |     Comparisons: 5 |         Swaps: 5
Initial sequence: Radix Sort      |     Comparisons: 9 |         Swaps: 80
Initial sequence: Tim Sort        |     Comparisons: 0 |         Swaps: 9
Sorted sequence: 2520059 3455736 4089172 25202362 40383426 44897763 50490027 65180540 67513926 83368690 

Práctica 5: Algoritmos de ordenación
=====================================
Initialazing sequence...
Random sequence: 36140795 63480570 40651434 75960378 17097467 92066601 76710097 27612902 30573317 3570492 87926652 60260756 59997301 85560280 2724286 93209441 94953865 94429689 64228444 47346619 21558440 70744729 63958031 33108117 14738097 7905771 69834481 22890675 10120709 91698927 31704567 98777856 55179497 24872353 27254586 72276965 69455306 3964683 52406219 28624 60051528 40332871 12805732 20048829 78409503 15530019 13258270 73363368 9959708 77486715 73226340 31518149 747796 89700723 17142618 68002245 50122846 39493451 90892921 60243555 31192379 22597488 11537764 38888228 47469841 38792350 11165193 69441500 42757034 16087764 69470124 55324914 8936987 82275856 75373743 87346491 50322227 41148365 60709859 60281936 71151432 86452551 44316437 71899228 76153275 13975407 39901474 26276121 53468858 30794395 39036029 84661237 5908235 50573793 76065818 5894428 89366143 87231011 75335928 84639529 
Initial sequence: Insertion Sort  |     Comparisons: 525 |       Swaps: 2402
Initial sequence: Selection Sort  |     Comparisons: 4950 |      Swaps: 0
Initial sequence: Bubble Sort     |     Comparisons: 4950 |      Swaps: 0
Initial sequence: Cocktail Sort   |     Comparisons: 99 |        Swaps: 0
Initial sequence: Merge Sort      |     Comparisons: 356 |       Swaps: 0
Initial sequence: Quick Sort      |     Comparisons: 690 |       Swaps: 66
Initial sequence: Heap Sort       |     Comparisons: 1336 |      Swaps: 640
Introduzca el valor de alpha (0 < alpha < 1): 0.1 
Initial sequence: Shell Sort      |     Comparisons: 145 |       Swaps: 145
Initial sequence: Radix Sort      |     Comparisons: 99 |        Swaps: 800
Initial sequence: Tim Sort        |     Comparisons: 128 |       Swaps: 168
Sorted sequence: 28624 747796 2724286 3570492 3964683 5894428 5908235 7905771 8936987 9959708 10120709 11165193 11537764 12805732 13258270 13975407 14738097 15530019 16087764 17097467 17142618 20048829 21558440 22597488 22890675 24872353 26276121 27254586 27612902 30573317 30794395 31192379 31518149 31704567 33108117 36140795 38792350 38888228 39036029 39493451 39901474 40332871 40651434 41148365 42757034 44316437 47346619 47469841 50122846 50322227 50573793 52406219 53468858 55179497 55324914 59997301 60051528 60243555 60260756 60281936 60709859 63480570 63958031 64228444 68002245 69441500 69455306 69470124 69834481 70744729 71151432 71899228 72276965 73226340 73363368 75335928 75373743 75960378 76065818 76153275 76710097 77486715 78409503 82275856 84639529 84661237 85560280 86452551 87231011 87346491 87926652 89366143 89700723 90892921 91698927 92066601 93209441 94429689 94953865 98777856 

Práctica 5: Algoritmos de ordenación
=====================================
Initialazing sequence...
Random sequence: 81914693 75179334 39942439 87987334 62088421 12548159 76994985 11522957 89001354 53691761 7578762 2492972 70631541 50167716 4561852 15711850 37703662 8375482 2550399 38076217 87665154 18801173 19399015 10486506 86839851 71476364 42724790 33488263 66942491 88323172 29570037 1373537 16018859 22028828 89360871 78107280 34576987 66355856 42146590 23578341 72563970 49725352 78587665 43195511 99893069 83149517 58907361 90113083 44041351 13974112 28189300 31706506 85291638 104667 94709364 72131489 71581032 37434154 58136104 91039875 78273679 87706141 92413412 94292538 9734969 34290636 24916170 44311956 53162844 67062760 20406649 25726814 69304465 98994314 68922326 21713886 34660183 80346039 11826969 78701535 94320152 92532621 62924393 79611790 92637289 10150109 4259631 16734673 47584264 62395735 7774548 78374295 50101877 52704313 72666833 12353198 86994949 50099355 56665155 40157793 69678468 29588156 18400960 38982933 81098823 87323286 13213171 68275358 20185677 25040140 99493245 67022181 17572761 14933990 99150323 10210050 25084100 3409954 79461075 72668364 18322042 87235624 51042659 68423919 92456289 76225844 33293469 79451238 78841551 42474976 72125383 48520019 72063133 90526343 40019304 53161956 30365981 53232475 73953666 3068011 30788967 73446912 70090192 48361729 88380902 21756868 11088131 13465002 77683174 90549207 38649718 96005216 30301183 89692377 16945487 22757472 18434573 50238957 54725062 97276125 92713933 79366797 98312496 17293418 69893141 90848153 22971726 52775474 96596980 96925393 55843485 27385948 70372305 78450030 28264029 11269559 206898 39352160 24734562 30406424 82417719 63384280 26411641 12718902 5593010 95873480 87992726 24027583 98628789 95234140 21303708 91342723 74600938 72132557 61152493 97010431 62980710 84124220 49785905 59577690 81049613 5629391 86963638 3938270 84079421 15227667 15207829 36802671 7096180 92458743 67209095 89513899 55843024 46137088 54749154 13952386 42010569 95258232 37979969 93155710 90492373 11800030 84498433 17609663 83932587 98167279 14620094 99429649 82291499 16922351 59007339 15857464 22551742 98487330 72312086 59147515 66231349 87519915 95950186 25843881 32495011 15675634 67874133 40854387 61812722 22623287 54806773 56339643 17881519 92786742 49495354 60890244 57103124 86510139 31016259 93552063 84677418 45636353 92981712 19485269 62558705 4505404 35342733 37626799 2992734 7654819 96774315 21740435 47691087 45240853 100669 32702450 60916487 67974802 73556837 75245562 90598089 28363610 31585205 60995960 73666704 33596911 74402557 30769829 72623403 5418816 24321892 57300821 3571522 17303605 29302443 18646579 74325361 17161528 56273378 29834447 77332700 5564045 51574882 25023787 50804899 51675551 10242589 11721386 19650353 83799426 86966948 62764794 12163036 71068506 76277107 38346092 4665417 50679664 69115921 77288820 56098480 45954166 87105994 12186354 15774123 16408437 30832933 90099484 86086317 87106312 19933931 63419017 45186709 24025165 40959156 95991608 28217069 51201745 7712995 47867422 35001171 47196295 63148569 99680559 18264801 39425676 38026652 75446571 90105340 59658925 5251743 98720172 5613091 44874089 10906527 73903566 13798878 94255812 64003050 99885196 81362124 36453333 63304213 79065186 60478499 4263370 75056794 88695568 55465115 35286141 89079342 42982639 82482437 4744263 42663198 53263590 44169939 33206202 81226513 86791631 92865128 86478257 85511804 50994571 31352346 48934683 24898138 45151225 43190495 41417540 45036421 77068972 30387226 8340634 56134158 90865725 65120356 31190952 32077645 20585472 18993446 73673339 63568111 1475883 78417603 58747661 7255825 22587542 44470216 88482339 9379174 37335344 74960596 47407330 40846267 58829294 96342013 18260757 3980519 92048860 12194650 1533292 69117832 42581876 62390279 25251990 85963953 27510635 8959295 18041598 48096107 27952741 91714937 64180570 81944976 70132540 75444584 89200801 92720083 19914800 30199492 54615609 9766496 57676440 2022939 50612763 16505735 50881304 21389873 73002606 42930164 33584523 27052251 64564349 28682751 89442530 89816339 14646704 16953165 51291986 32688302 17565625 31761079 76919591 34262547 66222407 99568484 9707131 7939561 44804919 29621931 38139053 99420528 39388427 95815494 53959819 42517543 64837581 4841123 16423768 37840187 287639 2524643 64892438 64851988 31207394 6851320 7184680 45854098 23804486 10993018 31058752 93886463 42754098 60494695 28149010 8976505 60063179 37856142 16916066 4868098 19994425 7571472 56804978 59382853 3386966 10764797 54416748 68224547 68122272 70840516 58581086 68409912 73365159 75989877 33261900 4572553 82841197 92962932 2943003 59162035 3955951 86518107 53048498 46710049 99529154 33713861 8202906 59592334 71570003 77635325 16976784 91564428 85206797 73781763 3463633 41110115 84546560 57880381 61851014 5185185 28720897 20432100 73595097 54602408 48938329 59373349 11691313 84295879 4852634 14634316 43457914 8808585 53668775 49022765 8034986 53197930 82736626 16237892 65306616 54306629 46389569 34799752 98387409 31596366 8581515 54367395 25222833 45644428 12247776 87073847 50829613 93485026 60022300 76941062 603786 8960629 88830763 12295100 93256508 93683397 26929416 89230775 2491982 33114544 38253540 63043320 38828826 73506518 31797565 56651794 80329499 78187134 91451546 78716908 62299853 33062 33084303 87522686 98193842 97848432 74596534 1539807 43849810 34618834 78480869 44453596 96095815 19827984 56748696 89352324 13511382 36194465 31099451 68519716 21825361 21869343 31563037 60654187 95375861 63360602 17305981 75705360 94064088 61273879 6938620 56363941 13823293 40022924 43886628 12017135 90387708 18483162 13556942 86753870 53101996 44554163 31207466 49197811 16898500 40472515 91066487 82926234 29183332 74682290 51445950 51008693 96551633 35525339 11662880 91927494 51402293 81485213 67632854 45466382 95275444 74571475 1830323 9098738 67110751 45716951 21115873 10014811 16716465 87189168 96768681 22334813 84259683 80492499 24048977 53674535 20965014 15115464 36600769 50148346 42314107 40563072 53673391 38865740 76088411 17852623 83309587 80007057 99337836 3458793 25473439 94613281 30546620 79820114 56228371 97657371 78053418 29860596 60188534 94769883 17049764 9473567 17104697 53825800 89966067 41153674 7500335 63447433 8785490 96617457 66112132 3615949 37180529 19785523 42481690 65785292 37638147 78307629 45792349 89492335 81766422 23782140 36621968 12313043 3602255 92850339 62486766 34172025 22710936 75191653 81458260 92277052 84665220 98562957 98619204 74631287 92232983 6119540 38078721 53534826 2736997 56707205 9667127 92433878 76492728 4665169 58219170 66647227 82972798 4011520 56139563 64739221 27793660 45277883 29568616 83912267 38128223 92055382 18084292 13355511 67247035 99542553 5632563 4428608 50621862 4251768 79059895 95371198 62887660 69654968 1422376 18141009 26362173 11089503 10574887 55371254 15754673 68794057 22018481 51243823 25321929 30674396 15983044 5631942 75952280 98068012 89544209 66596855 42639747 60144854 79952366 62403134 12203759 38101281 66831742 15341973 94869401 45891638 10713171 10273413 68062958 64651899 28414422 46941484 28257755 91505661 54829090 96528780 12816071 29363923 47772603 38138000 60038320 16272000 43769942 88506952 14340012 85830504 55103807 56979759 45975358 87572525 19382894 58179117 78190158 86214636 73521090 73059560 84622626 36750614 83332973 5201937 53918865 64263748 52143421 82176620 55769409 59488863 78705400 21101832 88852786 26478004 59239833 1407458 95266356 55526127 89914410 9606368 41356631 97534569 66586128 39848341 37623446 38485374 98027458 15813605 24700010 24064901 88873165 61838989 13331867 24722490 67040926 67250732 88986238 71700699 1943705 97272000 31189562 33165457 18373832 20042348 59643461 30130017 21449807 7426169 38172497 63880569 17032538 79529128 61415139 36135018 19377470 99038585 74620392 69921280 67368542 51836754 46502533 56241707 13675743 59834400 33480550 33233021 79601485 22466788 4933720 81545190 72255140 88639634 14710647 43145325 8681983 26870461 25791694 82648142 34296630 63964191 99045063 3845520 43493320 12976554 39980538 15387142 64531492 14600930 85308422 31900034 66437685 84327308 40658094 32629780 44161708 74138644 65862802 76279545 49121784 70796522 10341087 21376925 59436157 25051735 17038602 20634492 4438548 42830296 55798986 91251530 59310840 54844049 95097051 55320512 20336956 35077589 70707654 84868448 2194872 8532428 16768482 68632557 45376088 57426576 1262337 89537797 31565220 67125139 18333694 80687005 90438014 28674782 54580282 2390523 6242869 24135236 23025015 10681417 19481884 31340353 54449299 78792724 38700754 49546350 34113236 59037710 37140292 57337242 43906158 39335164 18386023 60674641 7967721 63762111 70617569 61746410 5816260 2182790 81387902 24149955 35386147 71825916 5341089 42482781 74216439 11583958 66618017 49757806 22265375 86099901 33614511 76714674 17408978 72315265 78777377 4038566 31352976 15917669 13892161 75259134 55252833 
Initial sequence: Insertion Sort  |     Comparisons: 8594 |      Swaps: 259036
Initial sequence: Selection Sort  |     Comparisons: 499500 |    Swaps: 0
Initial sequence: Bubble Sort     |     Comparisons: 499500 |    Swaps: 0
Initial sequence: Cocktail Sort   |     Comparisons: 999 |       Swaps: 0
Initial sequence: Merge Sort      |     Comparisons: 5044 |      Swaps: 0
Initial sequence: Quick Sort      |     Comparisons: 10148 |     Swaps: 666
Initial sequence: Heap Sort       |     Comparisons: 21672 |     Swaps: 9708
Introduzca el valor de alpha (0 < alpha < 1): 0.1
Initial sequence: Shell Sort      |     Comparisons: 2445 |      Swaps: 2445
Initial sequence: Radix Sort      |     Comparisons: 999 |       Swaps: 8000
Initial sequence: Tim Sort        |     Comparisons: 2560 |      Swaps: 3408
Sorted sequence: 33062 100669 104667 206898 287639 603786 1262337 1373537 1407458 1422376 1475883 1533292 1539807 1830323 1943705 2022939 2182790 2194872 2390523 2491982 2492972 2524643 2550399 2736997 2943003 2992734 3068011 3386966 3409954 3458793 3463633 3571522 3602255 3615949 3845520 3938270 3955951 3980519 4011520 4038566 4251768 4259631 4263370 4428608 4438548 4505404 4561852 4572553 4665169 4665417 4744263 4841123 4852634 4868098 4933720 5185185 5201937 5251743 5341089 5418816 5564045 5593010 5613091 5629391 5631942 5632563 5816260 6119540 6242869 6851320 6938620 7096180 7184680 7255825 7426169 7500335 7571472 7578762 7654819 7712995 7774548 7939561 7967721 8034986 8202906 8340634 8375482 8532428 8581515 8681983 8785490 8808585 8959295 8960629 8976505 9098738 9379174 9473567 9606368 9667127 9707131 9734969 9766496 10014811 10150109 10210050 10242589 10273413 10341087 10486506 10574887 10681417 10713171 10764797 10906527 10993018 11088131 11089503 11269559 11522957 11583958 11662880 11691313 11721386 11800030 11826969 12017135 12163036 12186354 12194650 12203759 12247776 12295100 12313043 12353198 12548159 12718902 12816071 12976554 13213171 13331867 13355511 13465002 13511382 13556942 13675743 13798878 13823293 13892161 13952386 13974112 14340012 14600930 14620094 14634316 14646704 14710647 14933990 15115464 15207829 15227667 15341973 15387142 15675634 15711850 15754673 15774123 15813605 15857464 15917669 15983044 16018859 16237892 16272000 16408437 16423768 16505735 16716465 16734673 16768482 16898500 16916066 16922351 16945487 16953165 16976784 17032538 17038602 17049764 17104697 17161528 17293418 17303605 17305981 17408978 17565625 17572761 17609663 17852623 17881519 18041598 18084292 18141009 18260757 18264801 18322042 18333694 18373832 18386023 18400960 18434573 18483162 18646579 18801173 18993446 19377470 19382894 19399015 19481884 19485269 19650353 19785523 19827984 19914800 19933931 19994425 20042348 20185677 20336956 20406649 20432100 20585472 20634492 20965014 21101832 21115873 21303708 21376925 21389873 21449807 21713886 21740435 21756868 21825361 21869343 22018481 22028828 22265375 22334813 22466788 22551742 22587542 22623287 22710936 22757472 22971726 23025015 23578341 23782140 23804486 24025165 24027583 24048977 24064901 24135236 24149955 24321892 24700010 24722490 24734562 24898138 24916170 25023787 25040140 25051735 25084100 25222833 25251990 25321929 25473439 25726814 25791694 25843881 26362173 26411641 26478004 26870461 26929416 27052251 27385948 27510635 27793660 27952741 28149010 28189300 28217069 28257755 28264029 28363610 28414422 28674782 28682751 28720897 29183332 29302443 29363923 29568616 29570037 29588156 29621931 29834447 29860596 30130017 30199492 30301183 30365981 30387226 30406424 30546620 30674396 30769829 30788967 30832933 31016259 31058752 31099451 31189562 31190952 31207394 31207466 31340353 31352346 31352976 31563037 31565220 31585205 31596366 31706506 31761079 31797565 31900034 32077645 32495011 32629780 32688302 32702450 33084303 33114544 33165457 33206202 33233021 33261900 33293469 33480550 33488263 33584523 33596911 33614511 33713861 34113236 34172025 34262547 34290636 34296630 34576987 34618834 34660183 34799752 35001171 35077589 35286141 35342733 35386147 35525339 36135018 36194465 36453333 36600769 36621968 36750614 36802671 37140292 37180529 37335344 37434154 37623446 37626799 37638147 37703662 37840187 37856142 37979969 38026652 38076217 38078721 38101281 38128223 38138000 38139053 38172497 38253540 38346092 38485374 38649718 38700754 38828826 38865740 38982933 39335164 39352160 39388427 39425676 39848341 39942439 39980538 40019304 40022924 40157793 40472515 40563072 40658094 40846267 40854387 40959156 41110115 41153674 41356631 41417540 42010569 42146590 42314107 42474976 42481690 42482781 42517543 42581876 42639747 42663198 42724790 42754098 42830296 42930164 42982639 43145325 43190495 43195511 43457914 43493320 43769942 43849810 43886628 43906158 44041351 44161708 44169939 44311956 44453596 44470216 44554163 44804919 44874089 45036421 45151225 45186709 45240853 45277883 45376088 45466382 45636353 45644428 45716951 45792349 45854098 45891638 45954166 45975358 46137088 46389569 46502533 46710049 46941484 47196295 47407330 47584264 47691087 47772603 47867422 48096107 48361729 48520019 48934683 48938329 49022765 49121784 49197811 49495354 49546350 49725352 49757806 49785905 50099355 50101877 50148346 50167716 50238957 50612763 50621862 50679664 50804899 50829613 50881304 50994571 51008693 51042659 51201745 51243823 51291986 51402293 51445950 51574882 51675551 51836754 52143421 52704313 52775474 53048498 53101996 53161956 53162844 53197930 53232475 53263590 53534826 53668775 53673391 53674535 53691761 53825800 53918865 53959819 54306629 54367395 54416748 54449299 54580282 54602408 54615609 54725062 54749154 54806773 54829090 54844049 55103807 55252833 55320512 55371254 55465115 55526127 55769409 55798986 55843024 55843485 56098480 56134158 56139563 56228371 56241707 56273378 56339643 56363941 56651794 56665155 56707205 56748696 56804978 56979759 57103124 57300821 57337242 57426576 57676440 57880381 58136104 58179117 58219170 58581086 58747661 58829294 58907361 59007339 59037710 59147515 59162035 59239833 59310840 59373349 59382853 59436157 59488863 59577690 59592334 59643461 59658925 59834400 60022300 60038320 60063179 60144854 60188534 60478499 60494695 60654187 60674641 60890244 60916487 60995960 61152493 61273879 61415139 61746410 61812722 61838989 61851014 62088421 62299853 62390279 62395735 62403134 62486766 62558705 62764794 62887660 62924393 62980710 63043320 63148569 63304213 63360602 63384280 63419017 63447433 63568111 63762111 63880569 63964191 64003050 64180570 64263748 64531492 64564349 64651899 64739221 64837581 64851988 64892438 65120356 65306616 65785292 65862802 66112132 66222407 66231349 66355856 66437685 66586128 66596855 66618017 66647227 66831742 66942491 67022181 67040926 67062760 67110751 67125139 67209095 67247035 67250732 67368542 67632854 67874133 67974802 68062958 68122272 68224547 68275358 68409912 68423919 68519716 68632557 68794057 68922326 69115921 69117832 69304465 69654968 69678468 69893141 69921280 70090192 70132540 70372305 70617569 70631541 70707654 70796522 70840516 71068506 71476364 71570003 71581032 71700699 71825916 72063133 72125383 72131489 72132557 72255140 72312086 72315265 72563970 72623403 72666833 72668364 73002606 73059560 73365159 73446912 73506518 73521090 73556837 73595097 73666704 73673339 73781763 73903566 73953666 74138644 74216439 74325361 74402557 74571475 74596534 74600938 74620392 74631287 74682290 74960596 75056794 75179334 75191653 75245562 75259134 75444584 75446571 75705360 75952280 75989877 76088411 76225844 76277107 76279545 76492728 76714674 76919591 76941062 76994985 77068972 77288820 77332700 77635325 77683174 78053418 78107280 78187134 78190158 78273679 78307629 78374295 78417603 78450030 78480869 78587665 78701535 78705400 78716908 78777377 78792724 78841551 79059895 79065186 79366797 79451238 79461075 79529128 79601485 79611790 79820114 79952366 80007057 80329499 80346039 80492499 80687005 81049613 81098823 81226513 81362124 81387902 81458260 81485213 81545190 81766422 81914693 81944976 82176620 82291499 82417719 82482437 82648142 82736626 82841197 82926234 82972798 83149517 83309587 83332973 83799426 83912267 83932587 84079421 84124220 84259683 84295879 84327308 84498433 84546560 84622626 84665220 84677418 84868448 85206797 85291638 85308422 85511804 85830504 85963953 86086317 86099901 86214636 86478257 86510139 86518107 86753870 86791631 86839851 86963638 86966948 86994949 87073847 87105994 87106312 87189168 87235624 87323286 87519915 87522686 87572525 87665154 87706141 87987334 87992726 88323172 88380902 88482339 88506952 88639634 88695568 88830763 88852786 88873165 88986238 89001354 89079342 89200801 89230775 89352324 89360871 89442530 89492335 89513899 89537797 89544209 89692377 89816339 89914410 89966067 90099484 90105340 90113083 90387708 90438014 90492373 90526343 90549207 90598089 90848153 90865725 91039875 91066487 91251530 91342723 91451546 91505661 91564428 91714937 91927494 92048860 92055382 92232983 92277052 92413412 92433878 92456289 92458743 92532621 92637289 92713933 92720083 92786742 92850339 92865128 92962932 92981712 93155710 93256508 93485026 93552063 93683397 93886463 94064088 94255812 94292538 94320152 94613281 94709364 94769883 94869401 95097051 95234140 95258232 95266356 95275444 95371198 95375861 95815494 95873480 95950186 95991608 96005216 96095815 96342013 96528780 96551633 96596980 96617457 96768681 96774315 96925393 97010431 97272000 97276125 97534569 97657371 97848432 98027458 98068012 98167279 98193842 98312496 98387409 98487330 98562957 98619204 98628789 98720172 98994314 99038585 99045063 99150323 99337836 99420528 99429649 99493245 99529154 99542553 99568484 99680559 99885196 99893069 

Feedbak del profesor
El método Radix no tiene intercambios.
Las comparaciones e intercambios deberían ser atributos y no variables globales.

Pese a que modificando los couts para que lo imprima la sequence ordenada es correcta no muestra los swaps y/o comparations
(esta parctica fua puntuadad como un 8.2/10)